-1979.5
-1948.6000000000001
-1966.0
-1978.8500000000001
-1976.55
-1973.0
-1958.8
-1981.8
-1969.5
-1976.3
-1958.0
-1978.6000000000001
-1981.8
-1977.65
-1970.1499999999999
-1967.05
-1970.9
-1983.5
-1982.05
-1978.4
-1974.4
-1971.1000000000001
-1983.6
-1982.5
-1973.0
-1983.5
-1982.8
-1983.6
-1983.6
-1979.45
-1983.6
-1983.6
-1983.5
-1983.6
-1983.6
-1983.6
-1981.2
-1978.6
-1983.6
-1983.4
-1983.6
-1983.6
-1983.6
-1983.6
-1983.6
-1983.5
-1983.5500000000002
-1983.6
-1983.45
-1983.6
-1983.6
-1983.0
-1983.55
-1983.6
-1983.6
-1983.1
-1983.6
-1983.6
-1978.6499999999999
-1983.6
-1983.6
-1983.6
-1983.6
-1983.55
-1983.6
-1983.5
-1983.6
-1983.6
-1983.6
-1978.6000000000001
-1983.6
-1983.55
-1978.45
-1983.6
-1983.6
-1983.5
-1983.6
-1983.6
-1983.6
-1983.6
-1983.6
-1983.6
-1983.4
-1983.6
-1975.75
-1983.6
-1983.6
-1983.6
-1979.3500000000001
-1983.6
-1983.6
-1983.6
-1983.4499999999998
-1983.6
-1983.6
-1983.6
-1983.6
-1983.6
-1983.6
-1983.6
-1983.6
-1983.6
-1983.6
-1983.6
-1983.6
-1983.6
-1983.6
-1983.6
-1983.6
-1983.6
-1983.6
-1983.6
-1983.6
-1983.6
-1983.6
-1983.6
-1983.6
-1983.6
-1983.6
-1983.6
-1983.6
-1983.6
-1983.5500000000002
-1983.6
-1983.6
-1983.6
-1983.6
-1983.6
-1983.6
-1983.6
-1983.6
-1983.6
-1983.6
-1983.6
-1983.6
-1983.6
-1983.6
-1983.6
-1983.6
-1983.6
-1983.6
-1983.6
-1983.6
-1983.6
-1983.6
-1983.6
-1983.6
-1982.35
-1983.6
-1983.6
-1983.6
-1983.6
-1983.6
-1983.6
-1983.6
-1983.6
-1983.6
-1983.6
-1983.6
-1983.6
-1983.6
-1983.6
-1983.6
-1983.6
-1983.6
-1983.6
-1983.6
-1983.6
-1983.6
-1983.6
-1983.6
-1983.6
-1983.6
-1983.6
-1983.6
-1983.6
-1983.6
-1983.6
-1983.6
-1983.6
-1983.6
-1983.6
-1983.6
-1983.6
-1983.6
-1983.6
-1983.6
-1983.6
-1983.6
-1983.6
-1983.6
-1983.6
-1983.6
-1983.6
-1983.6
-1983.6
-1983.6
-1983.6
-1983.6
-1983.6
-1983.6
-1983.6
-1983.6
-1983.6
-1983.6
-1983.6
-1983.6
-1983.6
-1983.6
-1983.6
-1983.6
-1983.6
-1983.6
-1983.6
-1983.6
-1983.6
-1983.6
-1983.6
-1983.6
-1983.6
-1983.6
-1983.6
-1983.6
-1983.6
-1983.6
-1983.6
-1983.6
-1983.6
-1983.6
-1983.6
-1983.6
-1983.6
-1983.6
-1983.6
-1983.6
-1983.6
-1983.6
-1983.6
-1983.6
-1983.6
-1983.6
-1983.6
-1983.6
-1983.6
-1983.6
-1983.6
-1983.6
-1983.6
-1983.6
-1983.6
-1974.05
-1983.6
-1983.6
-1983.6
-1983.6
-1983.6
-1983.6
-1983.6
-1983.6
-1983.6
-1983.6
-1983.6
-1983.6
-1983.6
-1983.6
-1983.6
-1983.6
-1983.6
-1983.6
-1983.6
-1983.6
-1983.6
-1978.5500000000002
-1983.6
-1983.6
-1983.6
-1983.6
-1983.6
-1983.6
-1983.6
-1983.6
-1983.6
-1983.6
-1983.6
-1983.6
-1983.6
-1983.6
-1983.6
-1983.6
-1983.6
-1983.6
-1983.6
-1983.6
-1983.6
-1983.6
-1983.6
-1983.6
-1983.6
-1983.6
-1983.6
