-349.7500000000003
-371.4500000000001
-354.8500000000001
-375.75000000000034
-364.90000000000015
-345.1499999999998
-351.59999999999985
-396.8
-358.8000000000002
-362.94999999999993
-365.09999999999997
-347.7999999999998
-343.7999999999998
-340.79999999999984
-343.4999999999999
-343.35000000000014
-347.04999999999995
-353.8499999999999
-345.70000000000016
-357.20000000000005
-345.10000000000014
-336.1499999999997
-350.44999999999993
-359.0499999999999
-365.24999999999994
-347.64999999999964
-349.3500000000001
-352.75000000000017
-342.4000000000001
-346.3499999999999
-344.84999999999997
-327.85000000000014
-343.59999999999974
-342.74999999999983
-329.70000000000005
-343.09999999999997
-361.6000000000001
-329.6
-332.45
-341.0000000000001
-336.35
-338.5000000000002
-336.05
-332.4500000000001
-339.15000000000003
-338.59999999999997
-326.40000000000015
-340.3
-337.94999999999993
-328.75000000000006
-328.1000000000001
-330.6
-327.20000000000005
-334.19999999999993
-339.49999999999983
-339.9
-338.85000000000025
-334.5000000000002
-346.24999999999994
-332.34999999999985
-324.8
-321.29999999999984
-323.7999999999999
-318.95000000000016
-333.15000000000015
-322.2499999999999
-334.7999999999999
-331.2
-333.3999999999999
-336.9000000000001
-329.6500000000002
-327.75000000000034
-332.5000000000003
-328.8500000000001
-335.6499999999999
-329.65000000000003
-327.2500000000001
-330.0000000000003
-321.7999999999998
-327.95
-331.79999999999984
-326.3500000000001
-325.40000000000003
-320.40000000000003
-321.29999999999984
-319.4000000000001
-331.29999999999995
-324.64999999999986
-333.29999999999984
-327.95000000000005
-329.39999999999975
-333.2499999999999
-328.2
-324.29999999999995
-325.5999999999999
-320.9500000000001
-322.60000000000014
-332.25000000000006
-329.3
-317.2499999999999
-324.9499999999999
-319.85000000000014
-324.50000000000006
-328.40000000000003
-324.34999999999997
-316.6999999999997
-321.79999999999995
-328.4500000000001
-321.79999999999995
-326.15000000000003
-329.45000000000005
-328.10000000000014
-320.2499999999999
-323.5
-328.5499999999999
-325.99999999999983
-323.1
-320.0500000000001
-327.7499999999999
-320.19999999999976
-324.9
-329.2000000000001
-323.15
-322.29999999999984
-326.3499999999999
-328.04999999999984
-328.8999999999996
-328.9500000000001
-325.75
-328.3999999999997
-330.49999999999994
-327.30000000000007
-329.2000000000002
-325.5500000000001
-334.09999999999985
-322.25000000000006
-320.8500000000001
-338.44999999999993
-322.14999999999986
-321.0
-322.45000000000005
-324.89999999999986
-325.3999999999998
-322.25000000000017
-325.94999999999976
-317.95
-323.75000000000006
-331.4499999999999
-321.35000000000014
-320.70000000000016
-333.8499999999998
-320.1999999999999
-318.89999999999986
-321.84999999999985
-318.95
-314.44999999999976
-315.7499999999999
-325.55
-321.79999999999984
-320.65
-327.9499999999997
-319.29999999999967
-315.04999999999984
-320.74999999999966
-312.39999999999986
-321.29999999999984
-318.29999999999984
-315.6
-323.0
-325.0500000000001
-319.3000000000002
-322.9999999999997
-320.4000000000001
-321.45000000000005
-324.70000000000005
-326.70000000000005
-322.8999999999998
-324.19999999999993
-327.9
-328.8999999999998
-323.85000000000014
-317.84999999999997
-321.09999999999997
-331.0000000000002
-327.24999999999966
-320.6
-324.35000000000014
-322.3000000000001
-321.54999999999984
-326.5999999999999
-315.84999999999985
-312.90000000000003
-317.84999999999997
-323.7
-319.15
-323.94999999999976
-314.6500000000002
-321.29999999999995
-321.40000000000003
-320.0000000000001
-325.24999999999983
-315.09999999999985
-316.94999999999993
-321.10000000000014
-315.89999999999975
-317.6999999999999
-322.1499999999998
-325.59999999999985
-325.44999999999976
-329.9
-321.3499999999998
-325.84999999999997
-314.6
-317.29999999999995
-317.15000000000003
-318.89999999999986
-319.3500000000002
-321.7500000000002
-319.3500000000001
-323.54999999999984
-312.29999999999984
-317.39999999999975
-320.2500000000001
-325.34999999999985
-314.40000000000015
-317.05
-317.7500000000001
-317.64999999999986
-322.05000000000024
-314.20000000000005
-314.14999999999986
-321.25
-320.0999999999998
-311.59999999999997
-314.6499999999999
-316.75
-318.1500000000001
-313.45000000000033
-316.20000000000005
-317.0500000000001
-312.5000000000003
-314.5499999999998
-318.99999999999983
-308.75000000000006
-321.2999999999998
-323.4499999999999
-321.8500000000001
-310.5500000000002
-312.59999999999997
-317.8499999999999
-321.05
-312.40000000000015
-321.19999999999993
-316.45000000000005
-321.8499999999999
-318.5500000000001
-314.24999999999983
-305.7999999999999
-317.6499999999999
-307.5499999999998
-317.29999999999995
-320.2999999999998
-302.80000000000007
-316.24999999999983
-307.85
-318.0
-311.3
-314.55
-312.6999999999998
-310.7999999999999
-317.3000000000002
-314.05000000000024
-310.2999999999999
-306.6999999999999
-305.5500000000001
-304.3499999999999
-315.65
-313.25
-318.6499999999999
-312.0999999999998
-316.3999999999999
-305.74999999999983
-318.1499999999998
-324.54999999999995
-300.59999999999997
-307.45
-316.94999999999993
-304.04999999999995
-317.4500000000001
-314.8500000000002
-315.5499999999999
-311.75000000000006
-312.8000000000002
-317.45
-313.34999999999974
-313.9499999999998
-316.9499999999999
-311.95
-306.30000000000007
-312.14999999999975
