0.0
0.0
3.093671029156978
2.7520078551769256
2.078500002026558
1.9108741450309754
1.7782910054922103
1.6784125208854674
1.5510864675045013
1.3711152863502503
1.159530733525753
0.916840152144432
0.7656609189510345
0.6858549162745475
0.6530905811488629
0.629181672334671
0.6095597483217716
0.5469081032276154
0.534380276799202
0.510904296785593
0.47494946464896204
0.45231716506183145
0.41906967021524905
0.3997581023722887
0.3852633481472731
0.3773758614808321
0.36110476657748225
0.3385542777180672
0.32698384575545786
0.32626566007733343
0.3068396662920713
0.29791570745408535
0.27966783359646796
0.27156793043017385
0.2509329526126385
0.23946591023355723
0.2307036617025733
0.23221360139548777
0.20814914036542176
0.20417866554111241
0.19854563519358634
0.18459444966167213
0.18236138332635166
0.1763461123034358
0.19000513084232806
0.18012916810810567
0.17197566606104375
0.16286447521299124
0.14595664042979478
0.14592670693993567
0.1477023299783468
0.13583162508904933
0.13378380108624696
0.13574685122817753
0.13278004739433527
0.12761155419051648
0.11680952373892069
0.11659244634211063
0.11880923837423324
0.10811543373391032
0.10215648105368018
0.10913444306701421
0.10348844351246952
0.10003403035923839
0.09958987111225724
0.10280920581892133
0.08672858696430921
0.08845819562673568
0.08818315770477056
0.08031751248985529
0.08641354106366635
0.07648469651117921
0.07635276351124048
0.0716467765904963
0.08119696030393243
0.06869797499850393
0.06977171733975411
0.0682337633613497
0.06782150344923138
0.06501222454942762
0.06492806947790086
0.06568411072716117
0.059959920700639484
0.05921996965073049
0.06471280381083488
0.057624390004202726
0.061055060289800164
0.0548988991882652
0.05600499872118234
0.054948008712381126
0.059031007271260025
0.05433276500552893
0.05285250257700682
0.05204118139110506
0.054871172662824395
0.05335214198566973
0.05173454032279551
0.04531086832284927
0.05002095250412822
0.04869903492741287
0.04716969776432961
0.049827970871701835
0.04618461520411074
0.04404173586517572
0.040755368266254664
0.04264593670144677
0.03956666010431945
0.04015533206984401
0.04479762403294444
0.040087792975828054
0.038210723870433866
0.036337789511308075
0.037541877841576934
0.0343243002705276
0.03421704853884876
0.036123132295906545
0.03189988235011697
0.0352354333922267
0.03298814322799444
0.03267679133452475
0.03287498626857996
0.03357828449923545
0.03098900497891009
0.030188434924930334
0.031342253386974335
0.029614348644390703
0.030324701955541968
0.026934077814221382
0.028043548604473473
0.03051460879854858
0.02874898775946349
0.02760094454512
0.030972613533958793
0.029629382849670947
0.027708021672442556
0.026470903172157705
0.024249896756373346
0.028302137479186057
0.025010263798758387
0.026326150819659232
0.025038789892569184
0.027012214711867273
0.023357569240033627
0.02415366148110479
0.025952659687027334
0.02234574569389224
0.02526338303927332
0.02595706642139703
0.024728978332132102
0.023112734905444087
0.024485193332657217
0.0265512270713225
0.023674734933301807
0.023838565703481435
0.024006629516370594
0.02318828532472253
0.020219677770510317
0.02151307078078389
0.02226960764732212
0.024313134364783762
0.02501819937955588
0.021717160339467228
0.022233181349001825
0.021448981082066894
0.02080815057270229
0.02438780618365854
0.02252760502975434
0.02133784235920757
0.024076002468355
0.020851578693836928
0.022198775741271673
0.020907454066909848
0.020508822570554912
0.019842446935363113
0.020244128927588464
0.020114853214472532
0.022581353886052966
0.020986365708522497
0.019355825781822204
0.02065188739914447
0.01929130679462105
0.02001400165259838
0.02234993820078671
0.020557116018608212
0.021708035082556306
0.019626940521411597
0.01915509920567274
0.019486839678138496
0.01853037332184613
0.01860021415166557
0.02128241181373596
0.019194127656519414
0.02003708577249199
0.022975050690583886
0.02078406653366983
0.02075420921202749
0.017690748665481804
0.01919657793827355
0.01949172331020236
0.02271769730374217
0.01979385827668011
0.019045440289191903
0.020343925273045897
0.01975827160757035
0.017959149247035386
0.018117537994403392
0.01839865286834538
0.018462546998634935
0.01836300464347005
0.017453184933401644
0.019612444597296417
0.018948692763224244
0.017227102937176823
0.018100432679057123
0.017823172393254937
0.01964020871091634
0.017556795096024872
0.017678153179585935
0.01815900776069611
0.019678517712745817
0.020628071138635278
0.01809763865545392
0.01756516859866679
0.01809142944868654
0.017203898122534155
0.016525712893344462
0.016235098517499866
0.020400548079051076
0.017005094951018693
0.017101050084456802
0.020154332905076445
0.015915838009677826
0.016481304089538754
0.017312791952863334
0.02136196980252862
0.016811262560077013
0.016211259628180416
0.018259416739456354
0.017919650147669018
0.01634585294406861
0.018667495502159
0.019179193486925216
0.018042420418933034
0.018027570089325307
0.019565540789626537
0.017517652553506194
0.016535685807466508
0.015749332732520997
0.018531608558259905
0.017379929306916893
0.018358309110626577
0.01659394929651171
0.01814063364639878
0.016452472717501224
0.019141172450035812
0.018383233931381256
0.020973051232285798
0.016853096031118186
0.01593742152675986
0.01778472735080868
0.01714694463647902
0.018893983168527483
0.01747091662604362
0.017332660567481072
0.017760476276744156
0.016643227958120406
0.01586456157732755
0.01721312648616731
0.017297694566659628
0.017870146334171295
0.018683868325315416
0.016433129771612584
0.017342658578418196
0.01906750273425132
0.017820101408287884
0.019812431493774055
0.019878202080726624
0.018287268644198777
0.020166360829025506
0.01730817025061697
0.018870782894082366
0.017632698584347965
0.01963327270001173
0.0200709469942376
0.01955086117144674
0.019016258767805994
0.01924072246532887
0.019493382070213557
0.01772178932093084
0.01769590998068452
0.018318278926890343
0.017296394035220146
0.019046419020742177
0.01673253257991746
0.018282155334018172
0.017808610955253244
0.01863822700921446
0.019668856500647963
0.017800617897883057
0.01887318135239184
