0.0
0.0
8.575949239258719
5.306860331296921
4.694876261949539
3.5715794175863267
3.351384787261486
3.1863020157814024
3.1414897161722184
3.127485251426697
3.310329580903053
3.3381926000118254
3.45888268828392
3.5357804429531097
3.6956520837545397
3.805347083210945
3.8885203766822816
4.064361913204193
4.130903841257095
4.216607191562653
4.275296374559402
4.581931490898132
4.5657403528690335
4.765841751098633
4.8239914584159855
4.967311098575592
4.970107290744782
5.195239893198013
5.382242375612259
5.290985349416733
5.21425257563591
5.037053087949753
5.019388020038605
5.1233745276927944
4.946027287244797
4.458871978521347
4.407977038621903
4.222074998617172
3.935084713101387
3.5386531871557234
3.6245386099815367
3.55028137922287
3.5828145611286164
3.56554892539978
3.395404949784279
3.1147535049915316
3.0964217245578767
2.9618230414390565
3.0472146517038343
3.0798458832502367
2.9183242613077165
2.8227808597683905
2.7998117485642435
3.0059248957037927
2.866410726904869
2.8987329024076463
2.820395594239235
2.774892362952232
2.601730387210846
2.720531989634037
2.5605601289868356
2.599206351339817
2.4888819742202757
2.55185080319643
2.453762870430946
2.540108697712421
2.3654909819364547
2.2531426429748533
2.3504838499426843
2.4350897082686425
2.306815896332264
2.3598744678497314
2.269823709130287
2.004143358170986
2.271490812897682
1.9736182400584221
1.9587065386772156
1.9712898552417755
1.9811006605625152
1.9707628163695334
1.9416676203906535
1.8646122422814368
1.8490652686357498
1.889127169251442
1.8303256395459175
1.8760329011082648
1.851128309071064
1.8784805023670197
1.8551794511079789
1.8589215561747552
1.7749766981601716
1.8483760544657708
1.7928762701153755
1.7189121487736703
1.7161801111698152
1.6825880616903306
1.8851870745420456
1.980728735923767
1.7668652835488319
1.6959030419588088
1.5574204814434052
1.6883733990788459
1.6974741020798683
1.7059244588017464
1.5398538473248482
1.5021037037670613
1.5634939286112786
1.4884522105753422
1.470598928630352
1.5340811225771904
1.423051591515541
1.3126698198914528
1.4704749229550362
1.3943164937198163
1.268880281150341
1.341728994846344
1.3043166932463646
1.3896155606210232
1.2551917906105519
1.2257128769159318
1.298571653664112
1.3121003943681717
1.3975974622368812
1.1826303631067276
1.1089743489027024
1.1740090891718864
1.2327770188450813
1.0389522036910057
1.0785176295042038
1.093430132716894
1.0378788250684738
1.3297137911617756
1.0978849391639232
1.218671144247055
1.0347245317697524
1.1764063178002835
1.1153986099362374
1.1707586160302161
1.1712609408795833
1.2474788305163385
1.1836494451761246
1.1666869221627711
1.0161901608109474
1.2126488316059112
1.0119582490622998
1.0162610045075418
1.0168474607169629
1.0797867640852927
1.170686742812395
1.0688458381593227
0.9476914700865745
0.8700211577117443
0.9574412575364113
0.9958972771465778
0.8459392383694648
0.8584545711427927
0.9243616482615471
0.7961083157360553
0.8401711150258779
0.7178656360507012
0.7991587971150875
0.8169702579826117
0.772331695407629
0.7453718745708465
0.7733884333074093
0.6764772708714009
0.6429373952746391
0.6700022116303443
0.6271003033965826
0.7138523184508085
0.598452638760209
0.6894407944381237
0.6037729039043188
0.9321385776996612
0.6595736213773489
0.5852628900110721
0.5685791666060687
0.6073837765306235
0.6639872317016124
0.6058295325189829
0.5613009364157915
0.742033656090498
0.5630468551069499
0.6105047815293073
0.5384046190977096
0.5467479416728019
0.5822728905081749
0.7950689598172903
0.6104407755285501
0.6095740092545747
0.5641932989656925
0.5493806636333466
0.5806496653705835
0.6049130009114743
0.5777797713875771
0.5391564390808344
0.5399349903315306
0.6915962632745505
0.5890519550442695
0.582965697646141
0.5563997901976109
0.562186627984047
0.556873966306448
0.5918983839452266
0.5332584819942713
0.5662905122339725
0.5112080565840006
0.7051641005277633
0.5193912655115127
0.5052527314424515
0.588752297013998
0.4752935526520014
0.5266109138727189
0.6000287849456072
0.5108194065466524
0.5084604398533702
0.5327385075390338
0.46614799693226816
0.5509875275567174
0.47414700336754323
0.5507855825126171
0.48584645047783853
0.5046038761734962
0.4859712974727154
0.5322959058731794
0.612548132315278
0.5537007341906428
0.5110846318304538
0.5693836021795868
0.5189290941506625
0.49256794810295107
0.5974740368127823
0.44359317380934954
0.5898379634320736
0.484749016687274
0.5181435763090849
0.45939134154468775
0.488281414359808
0.6243794061988592
0.540504332408309
0.5113224065303803
0.5106111214682459
0.4914837157726288
0.4805638760328293
0.464589563049376
0.5650093505531549
0.5451419448107481
0.4882052090764046
0.5037051548063755
0.5915346509218216
0.5686375380307436
0.6228325415402651
0.5130009217560292
0.6271490557491779
0.5600305781513453
0.6611606653779745
0.5478617563843727
0.7819071505218744
0.6286043376475573
0.507944419272244
0.5304668162763119
0.5426761734485627
0.4784364358335733
0.5016051314026118
0.5248288687318563
0.5459548887237906
0.5796043282747269
0.4557836367189884
0.4816757372021675
0.5892173121869564
0.6510748722404242
0.4637807732820511
0.6780059777572751
0.6301729603111744
0.4420024050027132
0.4983034233748913
0.4535165812075138
0.5095765800774097
0.5623121435940266
0.5061176757887006
0.4842429876327515
0.5733586865663528
0.4357370571792126
0.5604661931097508
0.4620711687207222
0.5287620582431555
0.5044961769878864
0.4718521701544523
0.4357410882413387
0.45942183572798967
0.447697174474597
0.47877563908696175
0.4409789052605629
0.4189650557935238
0.5391660054400563
0.4416293616592884
0.4122178342938423
0.5286926286667586
0.3559138797223568
0.37399879410862924
