-352.9000000000002
-352.9000000000002
-352.9000000000002
-352.9000000000002
-352.9000000000002
-352.9000000000002
-352.9000000000002
-352.9000000000002
-352.9000000000002
-352.9000000000002
-352.9000000000002
-352.9000000000002
-352.9000000000002
-352.9000000000002
-352.9000000000002
-352.9000000000002
-352.9000000000002
-352.9000000000002
-352.9000000000002
-352.9000000000002
-352.9000000000002
-352.9000000000002
-352.9000000000002
-352.9000000000002
-352.9000000000002
-352.9000000000002
-352.9000000000002
-352.9000000000002
-352.9000000000002
-352.9000000000002
-352.9000000000002
-352.9000000000002
-352.9000000000002
-352.9000000000002
-352.9000000000002
-352.9000000000002
-352.9000000000002
-352.9000000000002
-352.9000000000002
-352.9000000000002
-352.9000000000002
-352.9000000000002
-352.9000000000002
-352.9000000000002
-352.9000000000002
-352.9000000000002
-352.9000000000002
-352.9000000000002
-352.9000000000002
-352.9000000000002
