0.0
0.0
23.25011385940924
47.572809994220734
37.410745084285736
50.26904103755951
46.6469829082489
45.29994974136353
58.49948642253876
39.67033677101135
43.8703950881958
44.813043761253354
43.35061542987823
49.75196194648743
48.04342634677887
54.31721658706665
53.9857278585434
50.71884891986847
57.311261367797854
54.74426608085632
61.94570119380951
64.1717544555664
64.3618350982666
69.6317307472229
69.90761442184449
74.35731134414672
79.12835302352906
76.87914876937866
80.81356410980224
81.70011219978332
84.26301064491273
84.91972041130066
90.77513446807862
92.8564106464386
90.78906850814819
93.94339179992676
94.08908333778382
104.36240549087525
107.3646375656128
104.3633312702179
107.9517071723938
112.79453463554383
111.5082175731659
126.29349584579468
127.23538417816162
136.284103679657
136.72482862472535
135.92084894180297
148.24884729385377
138.93766789436341
146.2487823486328
149.93468980789186
163.38098735809325
160.73745622634888
155.76713209152223
189.99878969192505
165.25193257331847
193.0102972984314
189.29580879211426
186.98259782791138
207.11283016204834
209.85558772087097
217.43435010910034
223.30401992797852
246.05774741172792
251.2432960510254
284.9844374656677
236.6548132419586
299.6934887886047
314.2070375442505
326.4480054855347
325.6279463291168
310.68944749832156
363.6413903236389
335.139910030365
343.98708629608154
362.62746782302855
412.20129499435427
394.55316791534426
354.13709192276
412.2203876495361
408.32445001602173
440.78142671585084
455.8072291374207
485.1811032295227
524.553096485138
503.41710433959963
566.0916058540345
494.21766991615294
538.3827808380126
514.2980167388916
569.4372138023376
613.8822317123413
616.7914467811585
645.1434065818787
624.1752921104431
575.9663909912109
711.2339027404785
657.354166316986
654.5953439712524
