-361.45000000000016
-358.2500000000002
-373.5000000000002
-434.2500000000002
-382.54999999999995
-364.14999999999975
-397.6000000000003
-461.85
-385.7000000000001
-351.2500000000002
-405.7000000000002
-397.3499999999998
-384.34999999999997
-447.04999999999984
-406.05
-370.64999999999986
-382.95000000000005
-364.65000000000015
-357.5
-414.3500000000001
-392.24999999999983
-485.0000000000003
-410.70000000000016
-397.7000000000001
-358.0499999999998
-360.4999999999999
-365.75
-339.9
-351.65000000000003
-397.4
-412.90000000000003
-350.1499999999998
-361.6999999999999
-357.15000000000015
-405.0500000000001
-376.54999999999995
-383.7000000000001
-420.7999999999999
-373.99999999999966
-372.24999999999994
-395.5000000000002
-382.5500000000002
-411.6000000000001
-391.5999999999999
-389.4499999999998
-391.0500000000001
-366.0500000000004
-469.50000000000006
-353.44999999999993
-357.89999999999986
-409.15000000000003
-439.64999999999964
-380.65
-375.2999999999997
-459.69999999999993
-353.6500000000002
-358.6999999999999
-363.9499999999998
-377.2500000000001
-354.44999999999993
-489.1000000000002
-372.4
-382.34999999999974
-381.25000000000034
-375.6
-385.5500000000001
-391.4499999999998
-410.0500000000002
-378.6999999999999
-406.49999999999983
-377.39999999999986
-485.8500000000001
-409.7000000000002
-364.30000000000007
-444.4999999999996
-456.6500000000002
-358.29999999999995
-495.09999999999997
-398.7
-393.0500000000001
-426.0499999999996
-377.7499999999999
-399.89999999999975
-431.44999999999993
-370.35
-345.9000000000001
-418.00000000000017
-414.5
-359.4500000000001
-367.5999999999998
-558.0500000000001
-372.85000000000014
-349.60000000000014
-368.2
-372.2500000000001
-416.20000000000005
-407.05
-380.0999999999996
-395.15000000000003
-372.0000000000002
-392.79999999999995
-458.99999999999966
-358.95000000000005
-371.8499999999999
-470.00000000000006
-381.85
-340.8
-349.2999999999999
-368.5499999999997
-365.4
-366.15000000000003
-384.2999999999997
-349.34999999999985
-390.05000000000007
-409.74999999999983
-406.65
-373.95000000000016
-378.7
-374.1
-366.00000000000017
-369.05000000000024
-358.85
-477.95000000000005
-428.90000000000003
-354.60000000000036
-378.30000000000007
-388.7999999999999
-427.1499999999999
-383.2000000000002
-394.3
-370.49999999999994
-413.6999999999998
-362.99999999999994
-370.1999999999999
-436.59999999999985
-404.8000000000002
-352.90000000000003
-376.6
-363.59999999999997
-476.9000000000001
-356.54999999999995
-376.49999999999983
-353.40000000000003
-386.1999999999997
-368.80000000000024
-435.09999999999997
-370.84999999999985
-407.09999999999985
-370.34999999999997
-345.34999999999957
-370.99999999999966
-395.7999999999999
-441.45000000000016
-369.1499999999999
-449.6499999999999
-375.25000000000017
-419.2999999999998
-481.79999999999984
-384.8499999999999
-448.30000000000007
-354.8500000000003
-446.2500000000001
-359.9500000000001
-425.99999999999966
-351.15000000000003
-358.4
-389.3499999999999
-375.4999999999999
-355.2000000000002
-358.7499999999999
-423.5500000000001
-376.5500000000003
-356.79999999999995
-360.45
-374.9000000000003
-385.40000000000003
-377.7999999999997
-355.2000000000001
-380.75000000000006
-346.35000000000014
-368.75000000000006
-364.9
-359.5500000000001
-358.69999999999993
-416.89999999999986
-373.8000000000001
-403.35000000000014
-382.30000000000007
-436.6000000000003
-345.95
-432.75
-370.4999999999999
-406.14999999999986
-387.6499999999998
-395.99999999999994
-367.3499999999999
-371.85
-371.90000000000015
-377.54999999999984
-380.2500000000001
-381.3
-388.40000000000026
-484.8499999999998
-391.85000000000014
-407.74999999999994
-371.2000000000001
-359.3999999999997
-377.19999999999993
-413.2999999999999
-354.8999999999999
-370.50000000000017
-383.3
-382.8000000000002
-525.05
-383.8000000000001
-357.50000000000006
-387.50000000000006
-415.8499999999999
-376.3499999999999
-390.75
-390.8499999999998
-397.34999999999997
-375.3
-357.19999999999993
-392.0
-361.6500000000002
-407.1000000000001
-358.6
-404.0499999999999
-381.24999999999966
-366.74999999999994
-405.9499999999998
-343.85
-372.0000000000001
-435.9500000000001
-351.9999999999998
-360.7000000000001
-455.3500000000001
-411.10000000000014
-361.8499999999999
-336.95
-394.60000000000014
-392.4500000000002
-377.0499999999998
-420.2999999999999
-365.75000000000006
-378.65
-352.95
-340.65000000000003
-406.7499999999996
-450.3500000000001
-383.59999999999997
-404.25
-371.7999999999999
-373.4999999999999
-505.2499999999999
-360.5499999999999
-371.3000000000001
-378.24999999999994
-384.4
-370.2499999999997
-355.85000000000014
-404.25000000000017
-398.3000000000001
-356.9999999999997
-395.2999999999999
-358.0499999999999
-399.54999999999995
-572.6
-375.24999999999983
-356.3499999999998
-369.6000000000001
-574.45
-366.15000000000015
-404.2999999999999
-476.8999999999999
-381.5
-371.60000000000025
-393.75000000000006
-408.9999999999999
-363.9500000000001
-362.40000000000015
-381.09999999999974
-389.9999999999997
-381.65
-455.80000000000007
-373.45000000000016
-363.8999999999999
-383.94999999999976
-378.65
-370.70000000000016
-379.4500000000002
-377.5
-394.15000000000003
-373.65000000000015
-389.7499999999997
-386.3499999999997
-394.24999999999966
-352.24999999999994
-337.15
