402.18876190185546
356.17788009643556
366.6287452697754
573.7894752502441
375.3612739562988
319.8638698577881
421.51114120483396
578.6552467346191
341.1168083190918
262.4476623535156
375.3031753540039
355.7631233215332
321.344926071167
479.371826171875
366.4062072753906
278.7977806091309
283.91043891906736
242.16318855285644
226.47124519348145
320.1688877105713
304.2108692169189
514.8068305969239
315.91873207092283
269.565421295166
201.0699264526367
199.3162311553955
187.9467830657959
158.80542488098143
163.77714529037476
255.51390647888184
271.29283638000487
156.07973461151124
165.6692449569702
162.13628940582277
237.50358772277832
177.61221923828126
188.60171184539794
278.41757411956786
163.7483819961548
149.01423988342285
204.7640926361084
160.779075050354
241.58158111572266
180.27348041534424
170.9328161239624
169.13418769836426
126.30391750335693
299.85224494934084
93.68567056655884
95.30510931015014
185.08383827209474
263.5435350418091
119.1926965713501
98.98805255889893
233.14164390563965
71.56332893371582
73.7423752784729
77.29800653457642
89.16809148788452
59.455667400360106
275.44212646484374
73.4356219291687
89.92821073532104
85.52986364364624
66.76112041473388
83.45385141372681
88.48368120193481
91.23745555877686
62.75756664276123
86.7409875869751
52.26085824966431
200.04097232818603
90.72325410842896
37.368539571762085
122.86719465255737
164.3195119857788
28.991564130783082
226.51373519897462
58.534936332702635
60.91034488677978
104.91584014892578
36.413425993919375
59.506776857376096
88.53683261871338
23.199750709533692
13.028312754631042
51.92928438186645
75.93749260902405
16.051999235153197
27.085093474388124
299.54365234375
20.517592215538023
9.86567280292511
12.804294669628144
12.246425306797027
42.54648022651672
29.6020578622818
21.048372673988343
22.201698327064513
11.801556599140167
19.093558692932127
85.65276172161103
8.101366090774537
9.204753112792968
82.71772346496581
15.559464311599731
5.743445265293121
5.846138074994087
9.844392168521882
8.29871220588684
9.225397741794586
13.751655793190002
7.1229039400815966
13.305150544643402
34.56736187934875
42.42380467653275
9.074336445331573
9.899324798583985
7.767682039737702
7.894392555952072
9.755783331394195
7.66292764544487
63.348001670837405
35.436356496810916
8.6526542365551
9.688570976257324
12.707966601848602
31.366525983810426
10.243396532535552
15.908727502822876
8.88795485496521
34.85127296447754
11.430677914619446
7.836342871189117
41.711658120155334
19.09324781894684
9.877935451269149
13.088093900680542
8.081340783834458
75.96685309410095
7.603631037473678
7.401925790309906
8.443470311164855
9.785822200775147
9.05892717242241
48.39682731628418
14.825363683700562
17.47253499031067
12.749185729026795
6.955440121889114
11.881744837760925
13.508314937353134
89.59090843200684
9.498065930604934
38.808741664886476
10.26696275472641
23.44105839729309
70.20002162456512
11.913008069992065
33.43300271034241
8.874684774875641
48.189665985107425
9.114411401748658
24.67706079483032
10.340420997142791
8.449340045452118
14.27546330690384
9.716966223716735
9.73085652589798
5.889864131808281
24.305005979537963
8.510658252239228
8.063796335458756
7.362471258640289
10.76629775762558
9.797850239276887
12.80965548157692
8.354518496990204
8.406081461906433
8.002951410412788
9.841706329584122
9.486587131023407
6.940762394666672
6.276874428987503
36.08417220115662
12.631579840183258
19.151743471622467
10.517634999752044
38.69125150442123
8.209910345077514
37.97744926214218
13.619340145587921
19.64551713466644
21.940121042728425
14.738562035560609
7.8143544554710385
8.388716876506805
12.095930922031403
12.721010303497314
10.579586970806123
14.851075577735902
15.05438323020935
93.80975565910339
14.400980842113494
21.649431812763215
9.185783433914185
8.07310984134674
13.791550409793853
24.677285182476044
7.657145518064499
12.20775409936905
16.05307528972626
9.489548373222352
118.41401863098145
17.95915551185608
8.62246377170086
12.157402491569519
50.48989825248718
10.307123148441315
13.39209532737732
10.711033523082733
17.908152055740356
12.275897085666656
7.284990471601486
14.099365675449372
12.40143597126007
21.867529416084288
7.5823566019535065
17.17568697333336
14.365678298473359
8.53876513838768
18.519461530447007
8.255401191115379
9.641134041547776
57.296371054649356
8.985611742734909
7.524411541223526
66.89004058837891
32.42512392997742
8.853114151954651
8.523239052295684
23.317840349674224
14.757515190541744
11.452877599000931
31.010041117668152
9.543652015924454
10.661595892906188
8.846637028455735
7.4171010732650755
28.064621818065643
51.48663306236267
12.466408348083496
22.05835801959038
12.433687961101532
10.466872131824493
111.86721801757812
10.14608803987503
9.249098736047745
13.251970195770264
12.714158153533935
9.284217619895935
8.630010318756103
20.598423290252686
24.940195822715758
8.041918402910232
13.6924422621727
9.539393863081932
15.301436793804168
203.64788894653321
10.257734054327011
8.120840257406234
9.646871960163116
164.05118064880372
13.05106966495514
25.561549121141432
84.929238986969
14.43782263994217
11.719191563129424
21.607448589801788
19.185081553459167
11.109303307533263
8.822757467627525
9.435933339595795
17.29396916627884
9.751259821653367
89.68156127929687
10.904267013072968
11.025990027189255
21.113318598270418
14.41063117980957
10.139211124181747
8.918097627162933
8.408120289444923
23.252652943134308
18.365196204185487
17.19614222049713
12.16940301656723
19.634196054935455
9.189401173591614
8.420902621746063
