-1973.8
-1970.0500000000002
-1908.9
-1911.9
-1923.0500000000002
-1933.65
-1887.6999999999996
-1778.7499999999998
-1806.8499999999997
-1734.7500000000002
-1787.2999999999997
-1779.15
-1898.7500000000002
-1916.55
-1885.5
-1845.2
-1811.65
-1839.1499999999999
-1711.75
-1896.4500000000003
-1729.9499999999998
-1872.1499999999996
-1916.3500000000001
-1917.4500000000003
-1916.1499999999999
-1891.8500000000001
-1933.8999999999999
-1819.0
-1776.6999999999996
-1821.25
-1840.6500000000008
-1746.3500000000001
-1842.3500000000001
-1796.5
-1828.0500000000002
-1716.6499999999999
-1761.0500000000002
-1812.35
-1784.6000000000004
-1751.35
-1731.3000000000002
-1788.95
-1802.7000000000005
-1768.15
-1835.5500000000002
-1780.7
-1735.3499999999997
-1735.9499999999998
-1801.3
-1745.6499999999999
-1709.4
-1767.8499999999997
-1721.1
-1730.0
-1733.65
-1689.6
-1744.3
-1784.0999999999997
-1762.1000000000001
-1833.95
-1722.1
-1827.6
-1725.0999999999997
-1746.1499999999996
-1704.25
-1792.2
-1760.8000000000002
-1806.1499999999999
-1767.0
-1735.7
-1758.8500000000004
-1727.15
-1759.25
-1742.1999999999998
-1753.75
-1855.7000000000003
-1740.55
-1686.5000000000005
-1812.3
-1730.7500000000002
-1874.75
-1719.5
-1799.65
-1778.2500000000002
-1749.5
-1878.15
-1756.6499999999999
-1674.55
-1848.0500000000002
-1821.5500000000002
-1845.9999999999998
-1777.6499999999999
-1726.15
-1748.4000000000003
-1823.9499999999998
-1772.0
-1798.5999999999997
-1780.0
-1779.9499999999998
-1739.1000000000001
-1767.85
-1701.2999999999997
-1748.9499999999998
-1723.2
-1731.1
-1807.9999999999998
-1714.45
-1785.5999999999997
-1796.3500000000004
-1755.0500000000002
-1727.5000000000002
-1768.5
-1772.9499999999998
-1698.65
-1808.9999999999998
-1734.0500000000002
-1721.5999999999995
-1750.2999999999997
-1877.5000000000002
-1778.0500000000004
-1859.9
-1738.1500000000003
-1765.5500000000002
-1766.7499999999998
-1904.6499999999999
-1831.55
-1913.85
-1889.1
-1836.3
-1811.4999999999998
-1800.4000000000003
-1796.3999999999999
-1740.9
-1767.8999999999999
-1759.7000000000003
-1696.3000000000002
-1916.8999999999999
-1804.6500000000005
-1771.45
-1820.2999999999997
-1756.7
-1804.5500000000004
-1711.3500000000001
-1791.55
-1760.0
-1776.7499999999995
-1779.55
-1751.7
-1785.7
-1952.0500000000002
-1764.8000000000002
-1852.4999999999995
-1778.1499999999996
-1811.65
-1822.3999999999999
-1770.95
-1712.0999999999995
-1705.5499999999997
-1887.9499999999998
-1805.6000000000001
-1800.8500000000001
-1787.0000000000002
-1762.8000000000002
-1803.1499999999999
-1732.95
-1728.45
-1868.0000000000002
-1718.9
-1790.0
-1684.6999999999998
-1781.15
-1724.1
-1756.1000000000001
-1737.2499999999998
-1750.1000000000001
-1673.2499999999995
-1925.9499999999998
-1777.5000000000002
-1753.6499999999994
-1890.4500000000003
-1796.6000000000004
-1759.9999999999995
-1765.1
-1754.2000000000003
-1725.1999999999998
-1819.7999999999997
-1784.2
-1756.6000000000004
-1852.3000000000002
-1710.15
-1814.95
-1786.1499999999999
-1773.9000000000003
-1772.1999999999996
-1720.35
-1866.9999999999998
-1795.4999999999998
-1754.8000000000002
-1749.0
-1720.75
-1776.15
-1746.8999999999999
-1793.5
-1710.9
-1786.45
-1753.15
-1811.1499999999996
-1744.3
-1774.35
-1782.7
-1835.8999999999999
-1704.1000000000001
-1777.8999999999996
-1751.9499999999998
-1695.9
-1780.1000000000001
-1694.4500000000003
-1770.7499999999998
-1834.85
-1745.3999999999999
-1894.9999999999995
-1744.85
-1919.4
-1736.95
-1917.7499999999998
-1892.9999999999998
-1799.9
-1850.5499999999995
-1866.8999999999999
-1780.5500000000002
-1827.1000000000004
-1774.8000000000002
-1740.2999999999995
-1759.65
-1708.15
-1752.8
-1748.9
-1790.45
-1756.7000000000007
-1758.8
-1833.2999999999997
-1915.9500000000003
-1911.9999999999995
-1788.4
-1756.15
-1702.4500000000003
-1754.3000000000002
-1872.4000000000003
-1770.9499999999998
-1812.2000000000003
-1938.7
-1918.1
-1817.3999999999999
-1868.2500000000002
-1765.5500000000002
-1731.5499999999997
-1788.25
-1806.75
-1767.4000000000003
-1808.4500000000003
-1810.7499999999998
-1775.6999999999998
-1717.0
-1732.4000000000003
-1767.0500000000002
-1897.65
-1791.7000000000003
-1773.8999999999999
-1710.15
-1744.35
-1788.2
-1715.0500000000002
-1778.4500000000003
-1749.25
-1760.2500000000002
-1814.2499999999998
-1735.4499999999994
-1775.3499999999997
-1703.1
-1780.95
-1724.8500000000004
-1786.1
-1757.8999999999999
-1754.9
-1735.9999999999998
-1767.1000000000004
-1794.15
-1818.35
-1788.8500000000001
-1770.6999999999998
-1765.9499999999998
-1783.25
-1687.9499999999998
-1736.15
-1790.1999999999998
-1715.1000000000001
-1660.8999999999996
-1800.8500000000001
-1797.9
-1757.6499999999996
