11884.836547851562
11874.709155273438
11098.031811523437
10990.006323242187
11354.3392578125
11313.090893554687
10811.87041015625
9576.592700195313
9725.060693359375
8860.641809082032
9289.113330078126
9301.541064453126
10670.274755859375
10859.804370117188
10492.158227539063
9916.634790039063
9541.28134765625
9881.888732910156
8182.615478515625
10369.443981933593
8466.415942382813
9818.632202148438
10535.22822265625
10338.783264160156
10438.710473632813
10097.087915039063
10416.662561035157
9214.079418945312
8922.513818359375
9320.437170410156
9392.090185546875
8182.5972900390625
9365.74677734375
8619.42099609375
9130.622741699219
7962.299792480469
8313.0482421875
8867.056274414062
8489.549743652344
8161.195959472656
7792.794836425781
8464.131018066406
8681.373815917968
8320.128662109375
8977.911376953125
8117.686694335937
7717.680859375
7637.533288574219
8397.69248046875
7723.442395019531
7433.863818359375
7976.889758300781
7401.910266113281
7338.529296875
7580.53515625
6914.577429199218
7456.565209960938
7803.125708007812
7620.473681640625
8341.104809570312
7216.909289550781
8210.889990234375
7060.63984375
7385.340234375
6957.889562988281
7661.841363525391
7402.044775390625
7786.669030761719
7400.512939453125
6897.705139160156
7339.013366699219
6939.7977294921875
7230.055798339844
6985.573181152344
7064.71826171875
8117.058850097656
6792.329577636719
6274.620556640625
7569.301770019531
6681.580322265625
8203.569677734375
6479.913977050781
7247.500708007812
7078.097314453125
6850.14814453125
7947.280029296875
6728.461657714844
5923.924694824219
7663.942138671875
7169.842224121094
7539.24365234375
6724.162078857422
6266.645703125
6462.860510253906
7190.875085449219
6551.134313964843
7008.132348632813
6657.490795898438
6503.947692871094
6153.449975585938
6467.920495605469
5753.084948730469
6146.021423339844
5962.372595214843
5966.100512695312
6824.279333496093
5803.208819580078
6372.38994140625
6564.399072265625
6129.468151855469
5746.992236328125
6195.549523925782
6181.6072265625
5429.778747558594
6457.7618408203125
5685.651916503906
5659.385217285157
5780.7212890625
6967.928356933594
6081.017370605468
6832.923583984375
5607.461145019532
5722.609655761718
5873.5909423828125
7127.652795410157
6394.509436035156
7121.511120605469
6807.331726074219
6372.5181640625
6090.476135253906
6090.993505859375
5942.695629882813
5262.9916015625
5584.753637695312
5454.049609375
4917.042749023438
6790.231225585938
5725.506274414062
5496.269848632813
5818.431567382812
5361.549743652344
5745.908422851562
4822.813525390625
5422.017529296875
5286.1355651855465
5241.3706726074215
5366.301977539062
5115.523046875
5370.277014160156
6820.081005859375
5105.410461425781
5774.688781738281
5235.831945800781
5513.706896972656
5487.476818847656
5005.059735107422
4562.468133544922
4553.542236328125
6036.765234375
5245.281097412109
5167.777648925781
5058.454809570312
4766.380346679687
5090.185290527344
4558.406604003906
4457.722393798828
5700.999536132813
4349.680645751953
5002.127111816406
4123.049340820313
4829.478649902344
4381.244488525391
4780.414385986328
4323.727569580078
4588.094055175781
3873.7188049316405
5854.513220214843
4613.223681640625
4335.957244873047
5448.1981201171875
4522.468475341797
4407.792260742188
4418.670666503906
4286.1849609375
3985.2964782714844
4766.166027832031
4412.223937988281
4142.726593017578
4848.6343994140625
3855.1025451660157
4551.098895263672
4189.3225769042965
4185.575323486328
4146.102972412109
3711.2506896972654
4728.530541992188
4305.913934326172
3973.0361389160157
3914.155487060547
3787.8776000976563
4020.3183837890624
3875.4268005371096
4044.4506225585938
3463.9918701171873
4112.654180908203
3796.9676879882813
4167.112640380859
3679.5609375
3841.006658935547
3936.5016845703126
4308.030975341797
3302.920166015625
3851.487969970703
3594.7034118652346
3172.270617675781
3823.2103515625
3104.6509338378905
3697.511767578125
4115.691076660156
3552.1587646484377
4533.4341796875
3352.3703186035154
4697.403002929687
3258.05224609375
4517.283636474609
4431.910632324219
3690.2539672851562
4035.2178344726562
4079.660260009766
3406.8205627441407
3807.6513244628904
3428.663787841797
3164.796026611328
3239.024822998047
2867.4524658203127
3134.4428466796876
3147.2480590820314
3384.0830627441405
3090.2571533203127
3102.9577026367188
3644.399450683594
4150.870336914062
4089.153204345703
3271.360675048828
3010.7929077148438
2592.990106201172
2910.6465087890624
3734.9258544921877
3086.920068359375
3291.9722595214844
4089.966375732422
4084.8362365722655
3250.4723876953126
3624.642932128906
2874.8031616210938
2739.5006591796873
3015.690325927734
3092.433947753906
2784.972033691406
3062.603515625
3069.119305419922
2837.2798095703124
2491.9169006347656
2519.4795806884767
2689.4490173339846
3553.5757446289062
2787.1176727294924
2722.545928955078
2238.8751434326173
2459.622866821289
2728.373092651367
2336.2036468505858
2647.951123046875
2398.5610107421876
2542.591598510742
2740.8590698242188
2268.6291442871093
2476.0370544433595
2089.1887084960936
2566.230603027344
2199.0041076660154
2536.347100830078
2339.505334472656
2272.061605834961
2176.9173065185546
2413.8674743652346
2484.3849609375
2555.4123870849608
2452.0443634033204
2376.858773803711
2243.579214477539
2341.625192260742
1844.8995513916016
2070.6056579589845
2379.3573822021485
1914.184164428711
1704.8161865234374
2313.09443359375
2386.0850036621096
2032.5994506835937
