-777.75
-783.6
-783.6
-773.2
-776.35
-774.45
-778.95
-773.8000000000001
-765.5
-774.75
-774.7
-782.5
-780.85
-769.75
-783.6
-783.6
-765.05
-783.6
-783.6
-778.95
-783.6
-780.0
-771.5
-783.6
-774.0
-778.45
-783.6
-783.6
-771.35
-769.55
-783.6
-779.95
-783.6
-783.6
-770.9499999999999
-777.55
-781.8
-780.6999999999999
-781.2
-783.5500000000001
-783.6
-783.6
-783.6
-783.6
-767.35
-773.8000000000001
-776.25
-783.5
-782.35
-780.5500000000001
-783.6
-780.1
-783.6
-783.6
-783.6
-779.9
-778.2
-774.65
-783.6
-782.7
-783.6
-783.6
-783.6
-773.6
-778.7
-783.6
-783.1
-783.6
-783.6
-783.6
-771.95
-783.6
-783.6
-783.6
-781.9000000000001
-776.5
-783.6
-783.6
-783.6
-767.75
-783.6
-783.6
-780.7
-773.8000000000001
-783.6
-783.6
-783.6
-783.6
-783.6
-781.8
-783.6
-772.2
-783.45
-783.6
-782.35
-783.6
-783.6
-782.8
-783.6
-783.6
